288
27 28
30 31
124 125
27 36
33 34
31 32
28 35
54 199
63 190
55 198
61 190
58 201
54 201
53 202
60 190
65 198
56 198
65 192
63 198
53 199
58 198
68 198
52 202
54 198
59 190
66 192
57 198
52 199
62 198
62 190
56 201
58 190
51 202
54 190
64 198
53 201
69 198
64 190
60 198
56 199
29 31
66 198
55 201
32 33
52 201
56 190
70 198
51 203
67 198
60 201
61 198
53 198
57 190
55 190
35 36
51 201
63 192
57 201
59 198
50 202
65 190
55 199
51 199
64 192
66 190
58 199
50 203
62 192
54 202
61 195
52 203
67 190
53 191
57 199
50 204
59 186
59 195
62 194
27 29
71 198
53 200
59 199
51 204
60 195
53 203
67 192
55 202
68 189
29 36
65 195
52 204
59 201
62 195
66 195
67 189
64 195
55 200
67 195
63 195
49 204
25 36
61 199
52 200
69 195
54 195
124 126
54 191
65 191
69 189
53 204
53 195
51 205
58 195
68 190
54 203
57 200
61 192
57 202
67 191
50 205
61 201
64 191
63 199
51 200
70 189
69 190
50 201
56 195
59 192
66 191
54 200
43 125
49 205
57 195
52 205
64 199
56 200
60 192
63 191
54 204
58 200
27 33
66 189
60 199
56 202
48 205
49 203
62 199
66 199
55 203
70 188
59 200
68 191
56 183
52 208
68 195
65 199
69 188
53 205
70 187
56 203
69 191
53 207
58 192
65 189
51 208
55 204
62 191
57 192
55 195
64 189
52 195
68 188
52 207
35 125
52 198
56 192
68 184
57 183
63 189
61 191
44 125
66 184
50 200
49 202
69 184
60 200
62 189
43 126
61 196
33 35
53 192
50 208
55 183
70 184
29 203
50 195
55 192
52 193
58 183
51 207
67 199
29 200
67 188
58 202
43 129
49 208
53 206
71 188
60 191
67 184
66 188
57 203
62 200
56 204
52 206
70 195
25 38
45 125
50 207
69 199
57 191
17 18
60 221
52 224
43 128
59 191
69 187
29 198
61 221
71 184
52 196
29 204
59 183
54 196
68 187
126 127
49 200
50 199
65 188
56 191
48 202
123 125
55 196
61 189
28 36
30 202
39 125
52 192
62 181
48 204
58 191
60 183
51 198
54 192
59 221
71 187
58 221
63 180
51 193
59 189
49 201
61 183
46 125
48 206
30 203
53 196
69 182
55 191
68 183
57 186
28 195
43 132
57 221
67 187
51 221
62 196
56 196
54 206
63 188
59 202
101 191
56 221
55 221
60 196
64 188
48 203
60 189
66 187
58 233
60 202
31 133
43 127
48 208
69 186
65 194
51 206
65 187
57 196
29 199
70 182
51 196
64 196
49 199
29 205
44 126
30 198
50 198
43 130
69 183
58 189
52 223
58 196
32 36
68 192
65 196
62 221
28 129
40 202
47 125
67 196
67 183
62 201
58 203
55 205
27 38
70 183
49 206
63 196
59 196
65 184
28 200
62 188
53 226
57 204
71 182
61 188
54 205
67 194
63 200
66 196
43 134
39 200
67 185
46 128
51 223
29 202
49 209
61 200
68 182
56 205
53 208
56 189
64 187
43 131
30 200
63 187
55 197
48 209
61 194
55 223
51 126
69 185
63 194
63 221
71 183
68 185
58 204
59 203
52 226
65 185
29 132
54 221
70 185
35 127
54 207
102 191
43 206
66 194
67 193
53 197
49 198
48 201
70 191
58 194
41 206
31 206
37 125
64 194
56 197
69 192
54 197
60 194
51 197
29 206
31 132
52 221
45 129
58 232
66 185
28 191
62 187
56 217
59 194
30 204
48 125
46 126
42 202
41 204
71 181
52 197
66 183
61 187
48 200
24 39
64 185
57 197
53 224
70 181
47 201
64 193
55 217
35 126
67 182
29 201
57 217
57 194
28 31
30 206
65 183
34 127
103 206
55 206
61 202
64 200
57 205
66 193
48 207
69 181
27 113
50 206
28 130
104 200
65 193
64 221
43 133
68 193
28 194
49 207
65 200
56 223
52 225
25 132
103 192
59 204
50 125
63 201
42 206
100 201
60 203
38 206
70 190
58 214
57 214
71 185
63 193
54 223
53 223
71 180
63 185
49 223
54 217
47 126
48 223
60 197
45 130
56 214
68 181
60 185
56 206
60 188
28 125
34 113
30 201
57 223
104 196
51 194
41 202
57 189
71 189
56 194
29 197
17 125
32 113
103 207
58 223
62 183
53 228
61 193
66 182
26 29
47 198
22 39
50 197
41 200
100 200
55 194
29 207
39 206
63 183
31 131
58 185
70 180
31 205
39 202
46 129
104 205
62 185
60 204
34 129
67 181
62 197
60 236
54 214
28 192
64 183
35 124
53 214
57 206
55 214
102 208
58 193
62 193
46 218
70 192
58 205
62 202
104 193
25 130
50 223
55 207
52 214
47 223
59 185
59 214
61 214
65 182
100 202
43 213
49 128
50 127
60 214
44 130
42 134
30 197
104 207
53 217
61 197
103 208
71 191
25 133
48 129
30 207
72 188
48 199
105 197
28 131
54 208
72 182
64 197
61 203
104 201
44 213
69 193
59 222
31 130
50 226
64 201
51 222
43 205
99 191
68 194
65 197
47 202
31 203
72 184
34 128
53 194
43 46
87 190
18 131
49 195
40 206
51 125
123 128
55 189
61 185
99 203
62 214
42 213
58 187
54 194
66 181
47 200
50 194
29 208
43 202
64 181
69 180
60 187
30 205
44 132
40 204
45 126
43 141
105 200
53 225
64 184
57 193
30 199
23 36
104 202
60 222
99 207
62 222
33 113
68 180
62 203
59 223
103 203
31 128
67 201
57 233
68 199
61 222
49 126
72 180
61 204
56 207
39 208
65 181
28 188
29 129
48 196
89 190
61 63
30 208
43 204
84 190
12 282
60 193
71 190
60 206
31 207
49 226
17 124
108 247
69 194
51 226
70 193
63 202
100 191
56 225
31 35
41 205
71 192
68 196
65 201
58 206
31 204
72 189
18 129
44 127
105 201
94 201
106 195
28 193
53 221
55 208
64 202
33 125
66 200
59 206
49 124
60 205
52 222
99 206
72 187
25 26
56 59
39 210
25 129
57 207
86 190
69 196
41 207
41 199
32 127
107 248
62 204
67 197
29 113
65 221
70 178
57 230
63 197
40 208
104 206
48 198
66 221
67 221
106 198
55 233
60 223
99 202
42 132
44 48
42 204
49 196
69 179
59 233
28 198
59 197
70 194
40 205
66 197
88 190
72 191
47 203
63 203
66 201
104 192
54 225
17 36
89 199
63 222
29 131
30 125
28 201
69 197
72 183
64 222
49 227
57 225
58 225
99 208
55 225
71 193
67 200
70 196
86 192
59 205
68 197
42 130
47 128
90 190
39 209
31 211
41 133
39 205
72 186
39 199
39 211
63 214
72 181
59 225
43 119
18 128
104 198
101 208
48 197
104 204
50 227
65 222
25 35
44 128
29 133
64 182
54 210
58 197
59 193
85 192
58 64
36 200
42 198
281 282
16 37
107 247
49 125
72 192
108 246
105 248
41 134
30 209
53 210
49 194
54 193
65 180
63 182
114 209
48 210
71 178
53 227
61 205
102 206
105 196
65 202
52 231
21 36
55 210
92 199
31 208
103 198
48 126
71 195
42 203
18 130
52 194
72 185
58 222
68 221
54 226
29 126
28 128
47 199
85 190
42 205
106 247
61 184
53 189
42 199
66 176
50 196
64 180
58 186
28 197
47 130
61 186
103 205
53 229
38 208
63 184
50 193
107 246
56 193
39 207
25 131
40 125
56 208
31 212
59 61
58 207
67 180
62 186
45 213
106 248
52 232
105 194
104 248
66 180
63 205
19 132
53 125
52 190
45 132
42 200
71 177
47 218
64 203
104 203
70 199
35 133
28 205
52 127
28 190
70 179
28 199
31 188
48 128
42 133
49 197
104 195
49 210
69 201
45 218
12 281
123 130
89 196
91 190
29 209
56 186
55 193
20 40
107 239
62 182
32 205
111 201
69 221
71 186
38 200
43 144
46 223
46 131
97 203
17 133
22 132
55 186
60 186
39 198
30 113
60 225
65 176
52 210
61 182
99 200
61 237
57 229
66 222
51 195
89 201
38 202
63 181
104 209
31 125
124 127
28 209
36 113
31 202
62 205
106 194
66 202
44 141
61 223
63 204
68 179
36 188
31 209
69 200
68 201
54 229
50 124
105 202
71 194
56 209
98 191
57 208
71 179
29 196
63 186
59 188
59 207
42 207
93 186
51 232
61 206
50 214
29 127
17 128
51 214
47 222
64 204
67 202
71 196
61 65
84 192
105 247
55 132
55 61
41 213
109 246
16 130
70 197
103 248
111 202
34 125
70 186
47 205
27 32
106 227
56 227
19 124
65 203
38 207
102 205
62 206
44 119
54 209
89 195
29 135
40 207
45 52
54 189
104 247
43 148
28 189
105 198
91 202
54 231
97 201
106 197
61 225
70 177
66 179
28 196
29 188
53 232
104 199
105 241
16 38
56 229
68 200
92 190
44 133
35 188
60 207
55 209
66 203
124 252
29 211
30 211
93 201
68 202
53 62
58 208
54 220
40 134
12 13
58 188
48 222
113 204
105 227
64 186
68 186
58 227
69 178
51 192
59 187
64 179
49 214
29 130
29 195
53 129
107 241
51 210
51 130
97 189
51 189
25 136
92 208
50 210
64 205
45 223
24 36
101 200
106 196
59 227
47 197
101 207
102 248
31 210
36 118
35 134
57 188
119 252
42 209
52 233
70 201
99 209
57 209
107 196
103 200
57 227
25 29
103 204
23 131
46 130
45 131
19 141
73 222
71 199
54 232
61 207
84 191
33 37
28 203
65 204
28 133
62 225
72 178
197 198
100 208
67 222
49 228
31 129
104 197
32 188
52 126
63 206
21 39
63 225
55 229
73 198
103 202
48 127
28 206
47 129
43 145
32 203
69 202
41 203
107 195
73 191
64 224
67 203
106 226
30 214
94 205
95 201
59 208
53 209
48 195
107 240
41 198
30 210
30 132
71 201
52 64
41 131
17 132
60 227
72 195
70 222
103 247
106 199
106 246
38 209
40 203
67 179
65 205
52 209
118 247
43 120
18 136
55 232
62 207
93 206
95 200
58 209
21 42
13 282
32 206
113 208
65 186
50 126
31 189
41 144
44 142
61 227
66 204
113 203
38 205
35 113
22 203
121 129
40 200
67 186
49 189
108 239
24 133
105 246
21 198
29 33
31 127
93 202
66 186
30 194
28 208
47 189
54 186
46 190
95 187
52 189
22 37
68 177
51 233
125 252
200 203
44 202
58 229
47 195
54 126
62 218
43 47
50 228
93 207
35 129
27 116
107 197
102 207
59 229
68 203
63 224
67 204
106 241
28 113
18 127
72 199
38 204
73 189
50 189
32 207
43 203
105 199
30 213
70 200
88 199
41 49
64 206
94 187
74 222
53 233
52 129
57 232
93 208
62 224
97 200
68 222
19 126
36 125
98 226
65 224
18 132
65 179
30 190
46 198
60 182
96 226
97 226
32 139
100 207
42 148
27 198
102 200
108 196
39 204
102 204
61 238
72 193
71 222
103 191
46 220
54 61
39 201
123 124
43 143
28 202
72 198
50 131
71 200
117 247
60 208
67 177
45 119
44 131
31 213
66 205
72 190
88 192
48 194
48 50
32 204
35 131
125 253
102 192
69 203
95 203
30 140
46 226
63 207
55 227
55 220
56 220
98 225
47 220
58 215
112 201
72 194
94 204
64 214
66 207
83 192
48 189
41 201
70 202
72 179
45 222
57 215
18 137
65 214
114 204
46 222
45 124
16 39
61 181
57 220
24 35
59 209
96 201
42 128
41 132
101 201
102 197
44 222
73 192
116 247
21 188
42 131
60 238
119 130
17 19
59 215
22 128
123 248
92 203
19 131
47 196
31 201
53 128
27 206
99 201
60 184
105 249
106 245
19 142
108 197
62 180
104 249
40 213
42 197
40 198
56 188
39 203
105 226
67 206
68 204
27 34
69 177
60 215
96 203
64 207
21 203
61 208
73 185
42 54
59 220
49 222
58 220
41 139
62 184
54 227
65 178
55 67
105 195
107 225
52 131
25 138
45 226
61 220
72 201
104 227
52 220
27 114
52 234
53 220
51 220
112 206
64 218
23 39
66 177
48 226
54 125
49 193
95 226
37 132
22 131
22 202
60 220
63 179
46 48
30 191
30 216
71 176
65 206
103 199
94 206
60 209
124 129
28 127
55 215
68 205
95 204
102 201
21 195
102 249
53 186
29 194
124 253
48 131
31 139
46 189
22 42
104 246
106 225
103 249
107 198
56 60
105 243
69 204
40 209
49 127
106 243
18 133
61 180
59 184
34 133
28 204
22 205
31 215
70 203
62 208
71 197
66 206
72 196
92 185
44 223
31 112
36 194
103 201
101 206
65 218
112 202
71 202
42 208
42 129
63 218
61 218
73 188
50 221
65 207
59 234
92 207
67 205
18 138
29 114
115 208
44 120
32 146
86 191
30 215
43 207
52 191
41 208
107 243
46 202
60 153
32 215
86 195
30 126
64 66
61 209
60 218
105 193
106 192
72 200
63 208
48 232
96 202
50 232
24 129
23 133
37 208
25 128
70 204
51 209
32 125
20 198
57 231
96 200
42 125
26 145
53 231
51 231
67 178
56 184
103 197
14 39
63 227
73 199
95 206
42 144
27 175
120 248
77 192
29 210
54 129
108 240
17 38
64 178
50 190
61 215
62 215
17 134
94 207
59 218
96 188
33 114
29 184
72 202
27 204
37 194
48 193
100 192
97 198
32 219
28 207
67 176
105 192
26 200
54 133
73 193
118 132
63 215
45 220
40 133
13 281
55 188
118 251
50 209
71 203
73 190
52 56
101 204
104 194
57 224
64 208
69 205
21 132
103 251
43 121
41 149
69 222
47 226
113 201
94 208
96 204
67 69
23 207
28 175
32 133
21 193
38 188
26 30
121 248
57 184
41 55
35 132
199 202
37 127
45 120
93 209
43 208
46 199
118 249
106 249
124 242
53 193
73 184
22 198
23 130
27 119
56 69
40 210
102 203
41 209
73 195
60 64
86 189
42 201
49 232
53 190
57 174
42 127
32 209
70 205
72 197
55 224
54 233
69 174
43 200
59 182
46 196
48 124
100 225
28 210
56 187
62 179
49 52
56 224
122 226
54 224
108 225
58 184
66 178
60 181
59 224
30 195
113 205
27 197
16 124
29 112
113 209
57 187
63 178
38 203
33 219
47 194
50 191
11 281
91 224
121 226
56 131
19 133
108 238
54 188
58 182
31 219
31 194
58 152
35 128
19 143
89 192
66 214
92 186
68 176
31 190
45 143
44 226
39 195
102 233
16 41
107 226
41 145
21 194
27 177
45 127
44 143
103 252
72 222
113 202
65 223
60 224
60 180
69 175
57 66
58 224
56 233
123 226
99 204
71 204
61 224
43 222
114 131
106 201
64 223
105 203
68 178
53 234
91 205
67 207
66 218
68 206
67 218
32 221
45 141
205 209
73 194
51 224
92 224
105 206
43 44
27 203
54 127
106 240
49 132
47 133
95 205
35 189
24 138
21 199
33 112
30 133
29 191
120 227
17 143
107 199
93 224
49 225
73 187
47 191
34 200
54 183
95 207
50 225
115 130
52 130
27 199
63 65
124 128
46 200
23 208
49 191
55 125
83 206
43 146
117 252
120 251
97 196
56 210
65 208
25 204
31 36
16 18
11 13
36 198
73 201
109 197
104 251
88 196
44 134
39 213
17 131
29 180
45 133
43 149
29 212
54 215
69 206
73 196
19 38
75 184
44 145
21 190
63 209
51 131
57 185
124 248
104 226
62 233
103 196
63 223
200 201
122 248
25 144
39 194
32 200
27 115
120 249
39 116
121 249
51 190
116 207
93 190
53 188
26 192
59 180
94 186
24 201
51 234
89 191
61 233
61 177
44 53
72 203
62 209
33 190
93 187
57 210
34 131
121 130
91 225
35 179
22 204
62 175
26 201
25 137
30 196
70 175
56 185
27 200
113 132
29 136
104 240
41 188
79 242
125 230
107 238
59 152
50 231
123 239
78 192
35 190
64 233
70 221
80 206
66 70
95 202
30 212
33 133
47 127
47 185
32 190
57 182
35 37
102 209
66 233
67 230
65 233
106 200
59 236
73 202
35 184
17 113
37 133
27 196
51 127
24 202
32 194
52 124
18 135
25 34
45 189
27 201
61 179
68 175
55 187
104 233
116 226
47 132
60 233
77 222
55 70
41 148
102 202
78 222
23 35
103 240
27 195
20 204
86 196
28 176
39 193
64 155
48 172
23 202
37 196
63 175
39 126
30 139
102 252
106 239
47 193
55 185
57 130
53 187
43 199
26 144
22 197
99 196
73 200
31 200
40 201
117 249
48 191
118 240
59 181
51 191
84 189
70 228
46 195
25 205
22 133
42 196
35 130
47 232
49 130
82 190
39 196
23 206
124 229
105 250
70 174
54 187
56 182
40 56
27 184
29 32
107 227
101 252
51 228
52 227
71 223
19 36
105 204
46 133
33 134
31 192
53 126
73 197
52 217
104 252
58 181
106 202
92 205
30 217
59 210
97 202
188 190
33 207
50 129
119 249
50 192
104 191
31 138
42 195
32 118
29 213
62 178
29 183
31 180
31 220
104 228
58 210
114 201
97 204
83 207
122 126
206 208
52 67
66 227
36 199
44 148
32 202
117 251
26 204
37 128
97 199
37 197
108 195
67 223
46 194
103 195
94 238
61 178
67 172
46 227
51 133
119 227
128 131
59 238
76 222
55 226
123 227
18 111
50 185
29 140
27 176
65 177
95 208
117 241
101 174
52 182
41 196
57 226
60 179
116 241
60 63
46 183
15 38
110 253
38 201
102 198
39 197
57 238
105 252
46 143
56 125
121 227
75 222
47 50
17 129
46 191
99 198
36 204
89 202
80 204
62 227
48 225
62 154
62 176
116 251
39 115
55 59
32 147
47 230
96 228
50 178
42 46
49 190
21 202
22 206
29 192
105 240
32 138
117 128
122 227
56 226
96 225
66 223
112 209
57 222
34 112
24 144
23 199
80 207
91 185
40 51
66 208
101 202
64 227
197 204
80 202
47 227
114 132
83 190
42 143
32 220
64 215
36 202
37 129
2 4
92 202
59 70
107 201
19 174
52 173
32 208
34 132
72 204
34 205
43 201
49 182
55 126
51 128
47 131
31 134
19 135
121 229
49 221
115 201
64 209
68 207
21 35
97 195
122 249
71 174
31 216
96 223
47 190
59 174
56 222
56 215
65 154
116 129
38 196
59 179
55 180
32 222
69 176
129 241
119 251
27 30
27 202
37 131
98 248
96 205
74 224
30 176
50 234
92 225
37 198
124 226
48 130
123 242
26 198
199 203
73 203
87 192
70 206
20 42
71 205
74 192
23 132
51 227
67 214
68 214
83 193
102 174
26 191
25 206
34 118
30 119
27 179
15 132
62 229
64 175
53 180
101 175
26 183
21 206
41 195
57 180
45 191
96 191
113 133
55 234
63 220
80 193
26 203
40 196
80 203
54 234
91 191
18 143
33 200
34 134
48 190
51 187
44 60
58 179
20 199
13 283
70 73
62 177
29 176
21 189
63 176
55 222
70 176
54 222
119 229
91 226
70 224
120 229
105 228
60 69
54 185
106 252
40 116
106 193
23 198
97 251
118 229
27 183
54 130
29 134
55 128
25 143
40 131
53 235
71 224
101 205
69 224
36 134
114 203
24 204
105 224
28 187
41 129
54 235
104 243
91 207
90 226
35 180
62 223
58 234
71 175
117 229
67 224
67 233
25 139
30 131
103 194
54 238
109 192
101 196
69 207
55 231
99 226
99 205
71 206
19 140
70 233
58 226
91 204
89 208
34 173
46 47
101 203
67 163
22 208
72 205
67 208
62 210
70 207
37 124
125 229
52 187
29 145
45 227
43 124
47 122
33 189
30 192
86 224
109 202
48 52
64 171
51 225
94 202
22 193
2 287
47 225
32 35
46 225
59 177
64 153
63 210
100 226
17 37
49 178
38 189
107 224
29 139
114 200
37 207
73 204
102 175
75 202
21 204
106 203
72 223
120 128
34 130
19 156
26 188
29 181
47 179
106 107
86 201
63 233
65 227
63 154
84 186
27 112
65 67
21 131
114 251
80 201
32 201
92 191
115 251
22 201
110 202
113 131
43 49
23 128
53 222
49 172
58 73
68 208
27 187
93 205
65 209
41 130
33 198
126 252
67 71
73 186
62 239
112 133
17 112
27 49
117 240
58 180
46 193
83 191
20 205
50 188
205 207
99 239
62 234
26 193
123 240
54 182
122 242
115 241
43 209
44 204
50 130
107 249
31 218
16 19
85 186
32 218
74 203
67 239
61 210
4 5
41 60
100 175
58 174
33 218
96 199
102 196
45 134
123 225
31 221
60 210
80 208
16 144
30 143
121 242
45 181
89 200
72 240
41 140
18 141
27 182
27 207
34 207
27 172
64 210
15 112
39 117
122 229
101 209
98 244
24 198
45 128
51 177
27 180
36 133
21 187
68 171
53 66
26 195
28 177
52 128
14 40
64 154
39 189
47 172
5 6
109 253
119 254
70 223
53 238
96 198
91 208
55 235
72 206
62 220
75 183
21 191
74 199
114 176
113 207
67 226
114 206
60 234
92 223
90 228
103 193
97 192
40 225
62 65
32 140
37 130
20 200
25 198
42 188
46 175
38 190
36 197
32 198
99 189
39 128
53 127
92 206
102 173
96 196
78 227
45 106
71 74
124 227
47 59
16 129
94 200
64 229
33 191
55 182
45 183
32 192
31 135
189 191
27 31
33 131
26 202
32 134
26 139
66 209
86 208
61 229
60 229
105 225
32 116
128 242
50 183
30 218
104 225
46 213
61 154
60 177
53 183
31 214
47 192
61 176
106 224
108 198
1 3
34 114
77 206
71 207
40 197
49 185
56 180
39 212
93 204
119 129
19 178
101 176
73 206
57 240
57 211
64 176
65 170
208 209
22 144
91 228
101 226
71 240
103 226
115 132
22 36
49 133
36 190
68 225
26 197
51 129
41 189
281 283
46 230
97 228
47 134
48 230
27 173
105 207
67 227
69 223
80 205
86 197
112 193
73 223
101 173
26 190
31 140
52 55
28 144
50 224
104 208
59 72
51 183
54 124
22 207
110 198
93 226
96 247
29 187
47 183
23 204
25 33
127 252
44 207
68 173
46 197
11 282
58 177
24 200
62 240
66 174
57 179
94 226
49 192
33 138
90 184
15 131
41 125
30 219
36 201
109 224
14 38
65 175
0 1
54 180
51 188
38 198
101 248
77 191
67 240
43 223
107 200
111 134
204 208
23 201
41 194
42 193
62 153
53 182
48 183
63 177
97 172
56 179
48 192
26 194
25 197
21 205
92 226
95 248
24 34
52 125
17 144
121 251
31 126
41 197
97 191
66 163
18 36
93 191
67 225
45 185
23 205
34 37
109 240
42 189
114 205
37 205
46 142
115 118
36 207
52 132
31 142
52 188
59 178
115 176
29 190
21 207
44 188
27 192
52 183
24 203
90 192
63 153
26 196
39 134
46 120
69 208
77 183
63 229
36 189
54 228
98 172
56 181
6 7
70 172
95 225
49 183
32 210
63 173
105 245
61 240
79 241
63 240
112 208
98 189
86 225
123 127
91 206
46 54
96 224
29 182
15 134
113 206
68 223
67 209
30 145
19 157
46 232
123 229
32 187
43 62
60 178
75 223
48 227
94 203
32 132
34 126
200 202
47 207
30 135
75 206
37 206
103 209
97 173
76 201
32 214
25 135
54 134
118 131
33 208
39 120
25 207
54 181
76 183
41 193
49 188
40 195
64 177
35 198
34 206
69 173
123 247
76 192
23 200
131 246
99 172
21 192
66 225
54 173
30 177
61 68
92 233
57 125
3 5
29 173
44 46
40 226
28 183
40 132
41 128
38 143
56 126
20 182
24 199
74 206
70 208
20 203
68 209
113 175
92 204
23 158
55 127
50 128
32 223
48 221
107 193
98 201
100 248
21 186
113 193
52 185
47 204
67 174
102 234
14 37
55 238
55 176
97 174
42 192
88 208
18 139
7 287
46 188
19 136
39 133
102 226
37 204
38 197
94 239
120 226
92 201
44 165
56 234
197 199
83 189
74 202
43 56
68 233
115 134
30 138
44 129
114 202
65 210
23 209
36 206
80 199
23 139
100 198
64 234
61 234
75 201
91 233
64 162
70 230
111 193
47 187
93 225
108 224
48 185
53 177
51 237
26 117
59 74
40 42
44 200
51 185
80 160
122 240
100 239
12 283
17 142
26 133
53 181
26 189
95 198
56 174
30 32
64 172
68 163
26 205
112 134
40 188
26 199
117 132
110 224
85 225
72 224
50 132
26 138
28 132
37 200
101 192
21 200
98 198
68 239
72 207
100 195
97 205
101 171
58 238
94 224
73 224
65 228
78 224
68 227
98 223
20 171
56 238
89 207
66 239
113 176
42 118
27 178
19 177
96 207
110 197
95 224
98 204
199 205
16 67
33 220
40 59
104 245
53 185
42 194
60 154
33 206
65 153
61 175
69 239
46 180
48 134
82 206
32 216
125 248
101 172
131 249
40 199
87 194
47 177
45 190
25 199
189 190
106 133
47 148
21 41
66 224
97 224
83 225
106 206
107 202
94 225
52 175
85 224
26 181
104 224
121 222
49 129
43 221
45 221
35 178
67 175
69 71
69 233
45 188
68 174
46 185
65 73
34 198
71 157
32 199
49 142
30 220
48 145
40 193
38 194
59 133
57 59
46 177
27 208
45 192
21 133
55 175
44 221
112 175
107 109
16 31
110 193
15 146
104 253
58 211
19 123
27 205
59 175
36 196
100 203
36 147
122 125
31 217
44 118
36 205
15 124
127 131
39 129
22 209
50 52
45 178
40 194
69 172
54 178
130 249
94 247
98 173
129 249
114 249
37 195
22 196
124 249
95 247
42 191
109 249
52 181
50 187
25 195
61 174
127 249
97 247
99 171
47 188
56 133
34 208
32 211
61 125
32 217
44 205
51 182
55 181
207 209
103 246
123 249
62 173
78 160
28 29
68 127
65 162
18 178
20 169
36 131
73 205
26 141
23 157
10 281
20 177
127 235
39 119
50 220
52 143
20 202
83 205
67 210
86 199
39 113
37 202
57 181
22 35
37 188
34 138
59 129
109 201
26 150
93 248
52 69
25 191
115 226
20 197
94 191
10 13
52 238
68 172
48 187
46 192
38 195
100 189
16 40
47 221
116 177
49 184
77 224
46 221
58 178
68 224
41 225
86 204
197 207
89 198
75 224
93 171
187 190
65 239
89 224
89 203
44 225
46 134
90 195
75 203
77 199
92 198
98 190
38 199
33 209
57 131
